      "reels": [
            {"type": "general",   "symbols": [9, 9, 2, 8, 8, 3, 6, 6, 4, 4, 8, 8, 0, 7, 7, 1, 9, 9, 2, 8, 8, 3, 9, 9, 5, 5, 9, 9, 3, 7, 7, 4, 4, 6, 6, 3, 9, 9, 7, 7, 0, 8, 8, 5, 5, 10, 6, 6, 7, 7, 10, 6, 6]},
            {"type": "general",   "symbols": [8, 8, 0, 6, 6, 3, 9, 9, 1, 7, 7, 2, 6, 6, 10, 9, 9, 4, 4, 8, 8, 1, 9, 9, 5, 5, 0, 8, 8, 2, 7, 7, 5, 5, 9, 9, 10, 8, 8, 4, 4, 6, 6, 3, 7, 7, 5, 5, 8, 8, 3, 9, 9, 2, 7, 7, 3]},
            {"type": "general",   "symbols": [5, 5, 7, 7, 0, 9, 9, 3, 6, 6, 1, 8, 8, 10, 9, 9, 2, 7, 7, 4, 4, 8, 8, 0, 6, 6, 5, 5, 9, 9, 3, 8, 8, 4, 4, 7, 7, 2, 6, 6, 5, 5, 9, 9, 1, 8, 8, 2]},
            {"type": "general",   "symbols": [9, 9, 3, 7, 7, 0, 6, 6, 5, 5, 8, 8, 1, 7, 7, 4, 4, 9, 9, 2, 6, 6, 5, 5, 0, 9, 9, 3, 8, 8, 4, 4, 7, 7, 1, 6, 6, 5, 5, 9, 9, 3, 8, 8, 10, 7, 7, 4, 4, 3, 8, 8, 2, 9, 9, 2, 8, 8, 10 ]},
            {"type": "general",   "symbols": [4, 4, 9, 9, 3, 7, 7, 2, 8, 8, 5, 5, 6, 6, 1, 9, 9, 0, 7, 7, 4, 4, 0, 8, 8, 2, 9, 9, 5, 5, 8, 8, 3, 6, 6, 2, 7, 7, 4, 4, 9, 9, 3, 8, 8, 5, 5, 6, 6, 1, 9, 9, 3, 7, 7, 10, 8, 8]},

            {"type": "free_spin", "symbols": [9, 9, 2, 8, 8, 3, 6, 6, 4, 4, 9, 9, 0, 7, 7, 8, 8, 1, 9, 9, 2, 8, 8, 3, 9, 9, 5, 5, 9, 9, 3, 7, 7, 4, 4, 6, 6, 1, 9, 9, 7, 7, 5, 5, 8, 8, 10, 6, 6, 7, 7, 10, 6, 6]},
            {"type": "free_spin", "symbols": [8, 8, 0, 6, 6, 3, 9, 9, 1, 7, 7, 6, 6, 10, 9, 9, 4, 4, 8, 8, 1, 9, 9, 5, 5, 8, 8, 2, 7, 7, 5, 5, 9, 9, 10, 8, 8, 4, 4, 6, 6, 2, 7, 7, 5, 5, 8, 8, 3, 9, 9, 2, 7, 7, 3]},
            {"type": "free_spin", "symbols": [5, 5, 7, 7, 9, 9, 6, 6, 3, 8, 8, 2, 9, 9, 1, 7, 7, 4, 4, 8, 8, 6, 6, 5, 5, 9, 9, 3, 8, 8, 4, 4, 7, 7, 2, 6, 6, 10, 5, 5, 9, 9, 2]},
            {"type": "free_spin", "symbols": [9, 9, 3, 7, 7, 0, 6, 6, 5, 5, 8, 8, 1, 7, 7, 4, 4, 9, 9, 2, 6, 6, 5, 5, 9, 9, 3, 8, 8, 4, 4, 7, 7, 1, 6, 6, 5, 5, 9, 9, 3, 8, 8, 10, 7, 7, 4, 4, 3, 8, 8, 2, 9, 9, 2, 8, 8]},
            {"type": "free_spin", "symbols": [4, 4, 9, 9, 3, 7, 7, 2, 8, 8, 5, 5, 6, 6, 1, 9, 9, 0, 7, 7, 4, 4, 8, 8, 2, 9, 9, 5, 5, 8, 8, 3, 6, 6, 2, 7, 7, 4, 4, 9, 9, 3, 8, 8, 5, 5, 6, 6, 1, 9, 9, 3, 7, 7, 10, 8, 8]}
        ],