R1= 0, 0, 0, 6, 6, 6, 2, 2, 2, 6, 6, 6, 5, 5, 5, 6, 6, 6, 3, 3, 3, 7, 1, 1, 1, 4, 4, 4, 6, 6, 6, 3, 3, 3, 2, 2, 2, 6, 6, 6, 3, 3, 3
R2= 6, 6, 6, 7, 4, 4, 4, 1, 1, 1, 5, 5, 5, 2, 2, 2, 3, 3, 3, 5, 5, 5, 0, 0, 0, 4, 4, 4, 5, 5, 5, 4, 4, 4, 5, 5, 5, 1, 1, 1, 2, 2, 2
R3= 4, 4, 4, 5, 5, 5, 6, 6, 6, 2, 2, 2, 6, 6, 6, 5, 5, 5, 7, 1, 1, 1, 6, 6, 6, 3, 3, 3, 6, 6, 6, 0, 0, 0, 7, 6, 6, 6, 5, 5, 5, 7, 3, 3, 3, 6, 6, 6, 5, 5, 5
R4= 3, 3, 3, 0, 0, 0, 6, 6, 6, 7, 5, 5, 5, 1, 1, 1, 4, 4, 4, 2, 2, 2, 5, 5, 5, 4, 4, 4, 5, 5, 5, 4, 4, 4, 2, 2, 2, 1, 1, 1
R5= 7, 2, 2, 2, 0, 0, 0, 6, 6, 6, 4, 4, 4, 6, 6, 6, 3, 3, 3, 6, 6, 6, 1, 1, 1, 6, 6, 6, 5, 5, 5, 6, 6, 6, 3, 3, 3, 0, 0, 0	



RB1=0, 0, 0, 6, 6, 6, 2, 2, 2, 5, 5, 5, 6, 6, 6, 3, 3, 3, 7, 1, 1, 1, 4, 4, 4, 6, 6, 6, 3, 3, 3, 2, 2, 2, 3, 3, 3
RB2=6, 6, 6, 7, 4, 4, 4, 1, 1, 1, 5, 5, 5, 2, 2, 2, 3, 3, 3, 5, 5, 5, 0, 0, 0, 4, 4, 4, 5, 5, 5, 4, 4, 4, 7, 5, 5, 5
RB3=4, 4, 4, 5, 5, 5, 2, 2, 2, 6, 6, 6, 5, 5, 5, 7, 1, 1, 1, 6, 6, 6, 3, 3, 3, 6, 6, 6, 0, 0, 0, 7, 5, 5, 5, 3, 3, 3
RB4=3, 3, 3, 0, 0, 0, 6, 6, 6, 7, 5, 5, 5, 1, 1, 1, 4, 4, 4, 2, 2, 2, 5, 5, 5, 4, 4, 4, 5, 5, 5, 7, 4, 4, 4, 2, 2, 2
RB5=7, 2, 2, 2, 0, 0, 0, 6, 6, 6, 4, 4, 4, 6, 6, 6, 3, 3, 3, 6, 6, 6, 1, 1, 1, 6, 6, 6, 5, 5, 5, 3, 3, 3
