

R1=3, 6, 6, 6, 7, 1, 1, 7, 7, 7, 4, 7, 4, 4, 4, 2, 2, 2, 0, 0, 0, 7, 5, 5, 5, 7, 5, 3, 3, 7, 7, 7, 7, 7, 5, 5, 5, 4, 4, 4, 4, 5, 5, 3, 6, 6, 6, 6, 6, 7, 7
R2=4, 4, 7, 4, 1, 2, 5, 5, 6, 2, 5, 5, 3, 6, 7, 6, 6, 6, 7, 6, 8, 3, 7, 6, 8, 3, 3, 3, 6, 6, 6, 8, 1, 1, 3
R3=8, 1, 4, 4, 4, 7, 5, 4, 2, 2, 5, 5, 5, 3, 3, 6, 6, 6, 7, 7, 1, 7, 7, 7, 5, 5, 8, 7, 7, 7, 5, 5, 5, 3
R4=1, 2, 3, 4, 5, 6, 8, 7, 7, 7, 6, 6, 6, 8, 2, 3, 5, 5, 5, 7, 7, 4, 4, 4, 8, 1, 7, 7, 7, 6, 6, 6, 2, 7, 7
R5=0, 1, 2, 3, 4, 5, 6, 7, 8, 0, 1, 2, 3, 4, 5, 6, 7, 8, 0, 1, 2, 3, 4, 5, 6, 7, 8	



